14 74 45
13 14
12 14
12 13
11 14
11 13
11 12
10 14
10 13
10 12
10 11
9 14
9 13
9 12
9 11
9 10
8 14
8 13
8 12
8 11
8 10
8 9
7 14
7 13
7 12
7 11
7 10
7 9
7 8
6 14
6 13
6 12
6 11
6 10
6 9
6 8
6 7
5 14
5 13
5 12
5 11
5 10
5 9
5 8
5 7
5 6
4 14
4 13
4 12
4 11
4 10
4 9
4 8
4 7
4 6
4 5
3 14
3 13
3 12
3 11
3 10
3 9
3 8
3 7
3 6
3 5
3 4
2 14
2 13
2 12
2 11
2 10
2 9
2 8
2 7
13 14
12 14
12 13
11 14
11 13
11 12
10 14
10 13
10 12
10 11
9 14
9 13
9 12
9 11
9 10
8 14
8 13
8 12
8 11
8 10
8 9
7 14
7 13
7 12
7 11
7 10
7 9
7 8
6 14
6 13
6 12
6 11
6 10
6 9
6 8
6 7
5 14
5 13
5 12
5 11
5 10
5 9
5 8
5 7
5 6
