45 824 824
44 45
43 45
43 44
42 45
42 44
42 43
41 45
41 44
41 43
41 42
40 45
40 44
40 43
40 42
40 41
39 45
39 44
39 43
39 42
39 41
39 40
38 45
38 44
38 43
38 42
38 41
38 40
38 39
37 45
37 44
37 43
37 42
37 41
37 40
37 39
37 38
36 45
36 44
36 43
36 42
36 41
36 40
36 39
36 38
36 37
35 45
35 44
35 43
35 42
35 41
35 40
35 39
35 38
35 37
35 36
34 45
34 44
34 43
34 42
34 41
34 40
34 39
34 38
34 37
34 36
34 35
33 45
33 44
33 43
33 42
33 41
33 40
33 39
33 38
33 37
33 36
33 35
33 34
32 45
32 44
32 43
32 42
32 41
32 40
32 39
32 38
32 37
32 36
32 35
32 34
32 33
31 45
31 44
31 43
31 42
31 41
31 40
31 39
31 38
31 37
31 36
31 35
31 34
31 33
31 32
30 45
30 44
30 43
30 42
30 41
30 40
30 39
30 38
30 37
30 36
30 35
30 34
30 33
30 32
30 31
29 45
29 44
29 43
29 42
29 41
29 40
29 39
29 38
29 37
29 36
29 35
29 34
29 33
29 32
29 31
29 30
28 45
28 44
28 43
28 42
28 41
28 40
28 39
28 38
28 37
28 36
28 35
28 34
28 33
28 32
28 31
28 30
28 29
27 45
27 44
27 43
27 42
27 41
27 40
27 39
27 38
27 37
27 36
27 35
27 34
27 33
27 32
27 31
27 30
27 29
27 28
26 45
26 44
26 43
26 42
26 41
26 40
26 39
26 38
26 37
26 36
26 35
26 34
26 33
26 32
26 31
26 30
26 29
26 28
26 27
25 45
25 44
25 43
25 42
25 41
25 40
25 39
25 38
25 37
25 36
25 35
25 34
25 33
25 32
25 31
25 30
25 29
25 28
25 27
25 26
24 45
24 44
24 43
24 42
24 41
24 40
24 39
24 38
24 37
24 36
24 35
24 34
24 33
24 32
24 31
24 30
24 29
24 28
24 27
24 26
24 25
23 45
23 44
23 43
23 42
23 41
23 40
23 39
23 38
23 37
23 36
23 35
23 34
23 33
23 32
23 31
23 30
23 29
23 28
23 27
23 26
23 25
23 24
22 45
22 44
22 43
22 42
22 41
22 40
22 39
22 38
22 37
22 36
22 35
22 34
22 33
22 32
22 31
22 30
22 29
22 28
22 27
22 26
22 25
22 24
22 23
21 45
21 44
21 43
21 42
21 41
21 40
21 39
21 38
21 37
21 36
21 35
21 34
21 33
21 32
21 31
21 30
21 29
21 28
21 27
21 26
21 25
21 24
21 23
21 22
20 45
20 44
20 43
20 42
20 41
20 40
20 39
20 38
20 37
20 36
20 35
20 34
20 33
20 32
20 31
20 30
20 29
20 28
20 27
20 26
20 25
20 24
20 23
20 22
20 21
19 45
19 44
19 43
19 42
19 41
19 40
19 39
19 38
19 37
19 36
19 35
19 34
19 33
19 32
19 31
19 30
19 29
19 28
19 27
19 26
19 25
19 24
19 23
19 22
19 21
19 20
18 45
18 44
18 43
18 42
18 41
18 40
18 39
18 38
18 37
18 36
18 35
18 34
18 33
18 32
18 31
18 30
18 29
18 28
18 27
18 26
18 25
18 24
18 23
18 22
18 21
18 20
18 19
17 45
17 44
17 43
17 42
17 41
17 40
17 39
17 38
17 37
17 36
17 35
17 34
17 33
17 32
17 31
17 30
17 29
17 28
17 27
17 26
17 25
17 24
17 23
17 22
17 21
17 20
17 19
17 18
16 45
16 44
16 43
16 42
16 41
16 40
16 39
16 38
16 37
16 36
16 35
16 34
16 33
16 32
16 31
16 30
16 29
16 28
16 27
16 26
16 25
16 24
16 23
16 22
16 21
16 20
16 19
16 18
16 17
15 45
15 44
15 43
15 42
15 41
15 40
15 39
15 38
15 37
15 36
15 35
15 34
15 33
15 32
15 31
15 30
15 29
15 28
15 27
15 26
15 25
15 24
15 23
15 22
15 21
15 20
15 19
15 18
15 17
15 16
14 45
14 44
14 43
14 42
14 41
14 40
14 39
14 38
14 37
14 36
14 35
14 34
14 33
14 32
14 31
14 30
14 29
14 28
14 27
14 26
14 25
14 24
14 23
14 22
14 21
14 20
14 19
14 18
14 17
14 16
14 15
13 45
13 44
13 43
13 42
13 41
13 40
13 39
13 38
13 37
13 36
13 35
13 34
13 33
13 32
13 31
13 30
13 29
13 28
13 27
13 26
13 25
13 24
13 23
13 22
13 21
13 20
13 19
13 18
13 17
13 16
13 15
13 14
12 45
12 44
12 43
12 42
12 41
12 40
12 39
12 38
12 37
12 36
12 35
12 34
12 33
12 32
12 31
12 30
12 29
12 28
12 27
12 26
12 25
12 24
12 23
12 22
12 21
12 20
12 19
12 18
12 17
12 16
12 15
12 14
12 13
11 45
11 44
11 43
11 42
11 41
11 40
11 39
11 38
11 37
11 36
11 35
11 34
11 33
11 32
11 31
11 30
11 29
11 28
11 27
11 26
11 25
11 24
11 23
11 22
11 21
11 20
11 19
11 18
11 17
11 16
11 15
11 14
11 13
11 12
10 45
10 44
10 43
10 42
10 41
10 40
10 39
10 38
10 37
10 36
10 35
10 34
10 33
10 32
10 31
10 30
10 29
10 28
10 27
10 26
10 25
10 24
10 23
10 22
10 21
10 20
10 19
10 18
10 17
10 16
10 15
10 14
10 13
10 12
10 11
9 45
9 44
9 43
9 42
9 41
9 40
9 39
9 38
9 37
9 36
9 35
9 34
9 33
9 32
9 31
9 30
9 29
9 28
9 27
9 26
9 25
9 24
9 23
9 22
9 21
9 20
9 19
9 18
9 17
9 16
9 15
9 14
9 13
9 12
9 11
9 10
8 45
8 44
8 43
8 42
8 41
8 40
8 39
8 38
8 37
8 36
8 35
8 34
8 33
8 32
8 31
8 30
8 29
8 28
8 27
8 26
8 25
8 24
8 23
8 22
8 21
8 20
8 19
8 18
8 17
8 16
8 15
8 14
8 13
8 12
8 11
8 10
8 9
7 45
7 44
7 43
7 42
7 41
7 40
7 39
7 38
7 37
7 36
7 35
7 34
7 33
7 32
7 31
7 30
7 29
7 28
7 27
7 26
7 25
7 24
7 23
7 22
7 21
7 20
7 19
7 18
7 17
7 16
7 15
7 14
7 13
7 12
7 11
7 10
7 9
7 8
6 45
6 44
6 43
6 42
6 41
6 40
6 39
6 38
6 37
6 36
6 35
6 34
6 33
6 32
6 31
6 30
6 29
6 28
6 27
6 26
6 25
6 24
6 23
6 22
6 21
6 20
6 19
6 18
6 17
6 16
6 15
6 14
6 13
6 12
6 11
6 10
6 9
6 8
6 7
5 45
5 44
5 43
5 42
5 41
5 40
5 39
5 38
5 37
5 36
5 35
5 34
5 33
5 32
5 31
5 30
5 29
5 28
5 27
5 26
5 25
5 24
5 23
5 22
5 21
5 20
5 19
5 18
5 17
5 16
5 15
5 14
5 13
5 12
5 11
5 10
5 9
5 8
5 7
5 6
4 45
4 44
4 43
4 42
44 45
43 45
43 44
42 45
42 44
42 43
41 45
41 44
41 43
41 42
40 45
40 44
40 43
40 42
40 41
39 45
39 44
39 43
39 42
39 41
39 40
38 45
38 44
38 43
38 42
38 41
38 40
38 39
37 45
37 44
37 43
37 42
37 41
37 40
37 39
37 38
36 45
36 44
36 43
36 42
36 41
36 40
36 39
36 38
36 37
35 45
35 44
35 43
35 42
35 41
35 40
35 39
35 38
35 37
35 36
34 45
34 44
34 43
34 42
34 41
34 40
34 39
34 38
34 37
34 36
34 35
33 45
33 44
33 43
33 42
33 41
33 40
33 39
33 38
33 37
33 36
33 35
33 34
32 45
32 44
32 43
32 42
32 41
32 40
32 39
32 38
32 37
32 36
32 35
32 34
32 33
31 45
31 44
31 43
31 42
31 41
31 40
31 39
31 38
31 37
31 36
31 35
31 34
31 33
31 32
30 45
30 44
30 43
30 42
30 41
30 40
30 39
30 38
30 37
30 36
30 35
30 34
30 33
30 32
30 31
29 45
29 44
29 43
29 42
29 41
29 40
29 39
29 38
29 37
29 36
29 35
29 34
29 33
29 32
29 31
29 30
28 45
28 44
28 43
28 42
28 41
28 40
28 39
28 38
28 37
28 36
28 35
28 34
28 33
28 32
28 31
28 30
28 29
27 45
27 44
27 43
27 42
27 41
27 40
27 39
27 38
27 37
27 36
27 35
27 34
27 33
27 32
27 31
27 30
27 29
27 28
26 45
26 44
26 43
26 42
26 41
26 40
26 39
26 38
26 37
26 36
26 35
26 34
26 33
26 32
26 31
26 30
26 29
26 28
26 27
25 45
25 44
25 43
25 42
25 41
25 40
25 39
25 38
25 37
25 36
25 35
25 34
25 33
25 32
25 31
25 30
25 29
25 28
25 27
25 26
24 45
24 44
24 43
24 42
24 41
24 40
24 39
24 38
24 37
24 36
24 35
24 34
24 33
24 32
24 31
24 30
24 29
24 28
24 27
24 26
24 25
23 45
23 44
23 43
23 42
23 41
23 40
23 39
23 38
23 37
23 36
23 35
23 34
23 33
23 32
23 31
23 30
23 29
23 28
23 27
23 26
23 25
23 24
22 45
22 44
22 43
22 42
22 41
22 40
22 39
22 38
22 37
22 36
22 35
22 34
22 33
22 32
22 31
22 30
22 29
22 28
22 27
22 26
22 25
22 24
22 23
21 45
21 44
21 43
21 42
21 41
21 40
21 39
21 38
21 37
21 36
21 35
21 34
21 33
21 32
21 31
21 30
21 29
21 28
21 27
21 26
21 25
21 24
21 23
21 22
20 45
20 44
20 43
20 42
20 41
20 40
20 39
20 38
20 37
20 36
20 35
20 34
20 33
20 32
20 31
20 30
20 29
20 28
20 27
20 26
20 25
20 24
20 23
20 22
20 21
19 45
19 44
19 43
19 42
19 41
19 40
19 39
19 38
19 37
19 36
19 35
19 34
19 33
19 32
19 31
19 30
19 29
19 28
19 27
19 26
19 25
19 24
19 23
19 22
19 21
19 20
18 45
18 44
18 43
18 42
18 41
18 40
18 39
18 38
18 37
18 36
18 35
18 34
18 33
18 32
18 31
18 30
18 29
18 28
18 27
18 26
18 25
18 24
18 23
18 22
18 21
18 20
18 19
17 45
17 44
17 43
17 42
17 41
17 40
17 39
17 38
17 37
17 36
17 35
17 34
17 33
17 32
17 31
17 30
17 29
17 28
17 27
17 26
17 25
17 24
17 23
17 22
17 21
17 20
17 19
17 18
16 45
16 44
16 43
16 42
16 41
16 40
16 39
16 38
16 37
16 36
16 35
16 34
16 33
16 32
16 31
16 30
16 29
16 28
16 27
16 26
16 25
16 24
16 23
16 22
16 21
16 20
16 19
16 18
16 17
15 45
15 44
15 43
15 42
15 41
15 40
15 39
15 38
15 37
15 36
15 35
15 34
15 33
15 32
15 31
15 30
15 29
15 28
15 27
15 26
15 25
15 24
15 23
15 22
15 21
15 20
15 19
15 18
15 17
15 16
14 45
14 44
14 43
14 42
14 41
14 40
14 39
14 38
14 37
14 36
14 35
14 34
14 33
14 32
14 31
14 30
14 29
14 28
14 27
14 26
14 25
14 24
14 23
14 22
14 21
14 20
14 19
14 18
14 17
14 16
14 15
13 45
13 44
13 43
13 42
13 41
13 40
13 39
13 38
13 37
13 36
13 35
13 34
13 33
13 32
13 31
13 30
13 29
13 28
13 27
13 26
13 25
13 24
13 23
13 22
13 21
13 20
13 19
13 18
13 17
13 16
13 15
13 14
12 45
12 44
12 43
12 42
12 41
12 40
12 39
12 38
12 37
12 36
12 35
12 34
12 33
12 32
12 31
12 30
12 29
12 28
12 27
12 26
12 25
12 24
12 23
12 22
12 21
12 20
12 19
12 18
12 17
12 16
12 15
12 14
12 13
11 45
11 44
11 43
11 42
11 41
11 40
11 39
11 38
11 37
11 36
11 35
11 34
11 33
11 32
11 31
11 30
11 29
11 28
11 27
11 26
11 25
11 24
11 23
11 22
11 21
11 20
11 19
11 18
11 17
11 16
11 15
11 14
11 13
11 12
10 45
10 44
10 43
10 42
10 41
10 40
10 39
10 38
10 37
10 36
10 35
10 34
10 33
10 32
10 31
10 30
10 29
10 28
10 27
10 26
10 25
10 24
10 23
10 22
10 21
10 20
10 19
10 18
10 17
10 16
10 15
10 14
10 13
10 12
10 11
9 45
9 44
9 43
9 42
9 41
9 40
9 39
9 38
9 37
9 36
9 35
9 34
9 33
9 32
9 31
9 30
9 29
9 28
9 27
9 26
9 25
9 24
9 23
9 22
9 21
9 20
9 19
9 18
9 17
9 16
9 15
9 14
9 13
9 12
9 11
9 10
8 45
8 44
8 43
8 42
8 41
8 40
8 39
8 38
8 37
8 36
8 35
8 34
8 33
8 32
8 31
8 30
8 29
8 28
8 27
8 26
8 25
8 24
8 23
8 22
8 21
8 20
8 19
8 18
8 17
8 16
8 15
8 14
8 13
8 12
8 11
8 10
8 9
7 45
7 44
7 43
7 42
7 41
7 40
7 39
7 38
7 37
7 36
7 35
7 34
7 33
7 32
7 31
7 30
7 29
7 28
7 27
7 26
7 25
7 24
7 23
7 22
7 21
7 20
7 19
7 18
7 17
7 16
7 15
7 14
7 13
7 12
7 11
7 10
7 9
7 8
6 45
6 44
6 43
6 42
6 41
6 40
6 39
6 38
6 37
6 36
6 35
6 34
6 33
6 32
6 31
6 30
6 29
6 28
6 27
6 26
6 25
6 24
6 23
6 22
6 21
6 20
6 19
6 18
6 17
6 16
6 15
6 14
6 13
6 12
6 11
6 10
6 9
6 8
6 7
5 45
5 44
5 43
5 42
5 41
5 40
5 39
5 38
5 37
5 36
5 35
5 34
5 33
5 32
5 31
5 30
5 29
5 28
5 27
5 26
5 25
5 24
5 23
5 22
5 21
5 20
5 19
5 18
5 17
5 16
5 15
5 14
5 13
5 12
5 11
5 10
5 9
5 8
5 7
5 6
4 45
4 44
4 43
4 42
