18 126 25
17 18
16 18
16 17
15 18
15 17
15 16
14 18
14 17
14 16
14 15
13 18
13 17
13 16
13 15
13 14
12 18
12 17
12 16
12 15
12 14
12 13
11 18
11 17
11 16
11 15
11 14
11 13
11 12
10 18
10 17
10 16
10 15
10 14
10 13
10 12
10 11
9 18
9 17
9 16
9 15
9 14
9 13
9 12
9 11
9 10
8 18
8 17
8 16
8 15
8 14
8 13
8 12
8 11
8 10
8 9
7 18
7 17
7 16
7 15
7 14
7 13
7 12
7 11
7 10
7 9
7 8
6 18
6 17
6 16
6 15
6 14
6 13
6 12
6 11
6 10
6 9
6 8
6 7
5 18
5 17
5 16
5 15
5 14
5 13
5 12
5 11
5 10
5 9
5 8
5 7
5 6
4 18
4 17
4 16
4 15
4 14
4 13
4 12
4 11
4 10
4 9
4 8
4 7
4 6
4 5
3 18
3 17
3 16
3 15
3 14
3 13
3 12
3 11
3 10
3 9
3 8
3 7
3 6
3 5
3 4
2 18
2 17
2 16
2 15
2 14
2 13
17 18
16 18
16 17
15 18
15 17
15 16
14 18
14 17
14 16
14 15
13 18
13 17
13 16
13 15
13 14
12 18
12 17
12 16
12 15
12 14
12 13
11 18
11 17
11 16
11 15
