43 150 150
42 43
41 43
41 42
40 43
40 42
40 41
39 43
39 42
39 41
39 40
38 43
38 42
38 41
38 40
38 39
37 43
37 42
37 41
37 40
37 39
37 38
36 43
36 42
36 41
36 40
36 39
36 38
36 37
35 43
35 42
35 41
35 40
35 39
35 38
35 37
35 36
34 43
34 42
34 41
34 40
34 39
34 38
34 37
34 36
34 35
33 43
33 42
33 41
33 40
33 39
33 38
33 37
33 36
33 35
33 34
32 43
32 42
32 41
32 40
32 39
32 38
32 37
32 36
32 35
32 34
32 33
31 43
31 42
31 41
31 40
31 39
31 38
31 37
31 36
31 35
31 34
31 33
31 32
30 43
30 42
30 41
30 40
30 39
30 38
30 37
30 36
30 35
30 34
30 33
30 32
30 31
29 43
29 42
29 41
29 40
29 39
29 38
29 37
29 36
29 35
29 34
29 33
29 32
29 31
29 30
28 43
28 42
28 41
28 40
28 39
28 38
28 37
28 36
28 35
28 34
28 33
28 32
28 31
28 30
28 29
27 43
27 42
27 41
27 40
27 39
27 38
27 37
27 36
27 35
27 34
27 33
27 32
27 31
27 30
27 29
27 28
26 43
26 42
26 41
26 40
26 39
26 38
26 37
26 36
26 35
26 34
26 33
26 32
26 31
26 30
42 43
41 43
41 42
40 43
40 42
40 41
39 43
39 42
39 41
39 40
38 43
38 42
38 41
38 40
38 39
37 43
37 42
37 41
37 40
37 39
37 38
36 43
36 42
36 41
36 40
36 39
36 38
36 37
35 43
35 42
35 41
35 40
35 39
35 38
35 37
35 36
34 43
34 42
34 41
34 40
34 39
34 38
34 37
34 36
34 35
33 43
33 42
33 41
33 40
33 39
33 38
33 37
33 36
33 35
33 34
32 43
32 42
32 41
32 40
32 39
32 38
32 37
32 36
32 35
32 34
32 33
31 43
31 42
31 41
31 40
31 39
31 38
31 37
31 36
31 35
31 34
31 33
31 32
30 43
30 42
30 41
30 40
30 39
30 38
30 37
30 36
30 35
30 34
30 33
30 32
30 31
29 43
29 42
29 41
29 40
29 39
29 38
29 37
29 36
29 35
29 34
29 33
29 32
29 31
29 30
28 43
28 42
28 41
28 40
28 39
28 38
28 37
28 36
28 35
28 34
28 33
28 32
28 31
28 30
28 29
27 43
27 42
27 41
27 40
27 39
27 38
27 37
27 36
27 35
27 34
27 33
27 32
27 31
27 30
27 29
27 28
26 43
26 42
26 41
26 40
26 39
26 38
26 37
26 36
26 35
26 34
26 33
26 32
26 31
26 30
