26 54 54
25 26
24 26
24 25
23 26
23 25
23 24
22 26
22 25
22 24
22 23
21 26
21 25
21 24
21 23
21 22
20 26
20 25
20 24
20 23
20 22
20 21
19 26
19 25
19 24
19 23
19 22
19 21
19 20
18 26
18 25
18 24
18 23
18 22
18 21
18 20
18 19
17 26
17 25
17 24
17 23
17 22
17 21
17 20
17 19
17 18
16 26
16 25
16 24
16 23
16 22
16 21
16 20
16 19
16 18
25 26
24 26
24 25
23 26
23 25
23 24
22 26
22 25
22 24
22 23
21 26
21 25
21 24
21 23
21 22
20 26
20 25
20 24
20 23
20 22
20 21
19 26
19 25
19 24
19 23
19 22
19 21
19 20
18 26
18 25
18 24
18 23
18 22
18 21
18 20
18 19
17 26
17 25
17 24
17 23
17 22
17 21
17 20
17 19
17 18
16 26
16 25
16 24
16 23
16 22
16 21
16 20
16 19
16 18
