41 136 410
40 41
39 41
39 40
38 41
38 40
38 39
37 41
37 40
37 39
37 38
36 41
36 40
36 39
36 38
36 37
35 41
35 40
35 39
35 38
35 37
35 36
34 41
34 40
34 39
34 38
34 37
34 36
34 35
33 41
33 40
33 39
33 38
33 37
33 36
33 35
33 34
32 41
32 40
32 39
32 38
32 37
32 36
32 35
32 34
32 33
31 41
31 40
31 39
31 38
31 37
31 36
31 35
31 34
31 33
31 32
30 41
30 40
30 39
30 38
30 37
30 36
30 35
30 34
30 33
30 32
30 31
29 41
29 40
29 39
29 38
29 37
29 36
29 35
29 34
29 33
29 32
29 31
29 30
28 41
28 40
28 39
28 38
28 37
28 36
28 35
28 34
28 33
28 32
28 31
28 30
28 29
27 41
27 40
27 39
27 38
27 37
27 36
27 35
27 34
27 33
27 32
27 31
27 30
27 29
27 28
26 41
26 40
26 39
26 38
26 37
26 36
26 35
26 34
26 33
26 32
26 31
26 30
26 29
26 28
26 27
25 41
25 40
25 39
25 38
25 37
25 36
25 35
25 34
25 33
25 32
25 31
25 30
25 29
25 28
25 27
25 26
40 41
39 41
39 40
38 41
38 40
38 39
37 41
37 40
37 39
37 38
36 41
36 40
36 39
36 38
36 37
35 41
35 40
35 39
35 38
35 37
35 36
34 41
34 40
34 39
34 38
34 37
34 36
34 35
33 41
33 40
33 39
33 38
33 37
33 36
33 35
33 34
32 41
32 40
32 39
32 38
32 37
32 36
32 35
32 34
32 33
31 41
31 40
31 39
31 38
31 37
31 36
31 35
31 34
31 33
31 32
30 41
30 40
30 39
30 38
30 37
30 36
30 35
30 34
30 33
30 32
30 31
29 41
29 40
29 39
29 38
29 37
29 36
29 35
29 34
29 33
29 32
29 31
29 30
28 41
28 40
28 39
28 38
28 37
28 36
28 35
28 34
28 33
28 32
28 31
28 30
28 29
27 41
27 40
27 39
27 38
27 37
27 36
27 35
27 34
27 33
27 32
27 31
27 30
27 29
27 28
26 41
26 40
26 39
26 38
26 37
26 36
26 35
26 34
26 33
26 32
26 31
26 30
26 29
26 28
26 27
25 41
25 40
25 39
25 38
25 37
25 36
25 35
25 34
25 33
25 32
25 31
25 30
25 29
25 28
25 27
25 26
24 41
24 40
24 39
24 38
24 37
24 36
24 35
24 34
24 33
24 32
24 31
24 30
24 29
24 28
24 27
24 26
24 25
23 41
23 40
23 39
23 38
23 37
23 36
23 35
23 34
23 33
23 32
23 31
23 30
23 29
23 28
23 27
23 26
23 25
23 24
22 41
22 40
22 39
22 38
22 37
22 36
22 35
22 34
22 33
22 32
22 31
22 30
22 29
22 28
22 27
22 26
22 25
22 24
22 23
21 41
21 40
21 39
21 38
21 37
21 36
21 35
21 34
21 33
21 32
21 31
21 30
21 29
21 28
21 27
21 26
21 25
21 24
21 23
21 22
20 41
20 40
20 39
20 38
20 37
20 36
20 35
20 34
20 33
20 32
20 31
20 30
20 29
20 28
20 27
20 26
20 25
20 24
20 23
20 22
20 21
19 41
19 40
19 39
19 38
19 37
19 36
19 35
19 34
19 33
19 32
19 31
19 30
19 29
19 28
19 27
19 26
19 25
19 24
19 23
19 22
19 21
19 20
18 41
18 40
18 39
18 38
18 37
18 36
18 35
18 34
18 33
18 32
18 31
18 30
18 29
18 28
18 27
18 26
18 25
18 24
18 23
18 22
18 21
18 20
18 19
17 41
17 40
17 39
17 38
17 37
17 36
17 35
17 34
17 33
17 32
17 31
17 30
17 29
17 28
17 27
17 26
17 25
17 24
17 23
17 22
17 21
17 20
17 19
17 18
16 41
16 40
16 39
16 38
16 37
16 36
16 35
16 34
16 33
16 32
16 31
16 30
16 29
16 28
16 27
16 26
16 25
16 24
16 23
16 22
16 21
16 20
16 19
16 18
16 17
15 41
15 40
15 39
15 38
15 37
15 36
15 35
15 34
15 33
15 32
15 31
15 30
15 29
15 28
15 27
15 26
15 25
15 24
15 23
15 22
15 21
15 20
15 19
15 18
15 17
15 16
14 41
14 40
14 39
14 38
14 37
14 36
14 35
14 34
14 33
14 32
14 31
14 30
14 29
14 28
14 27
14 26
14 25
14 24
14 23
14 22
14 21
14 20
14 19
14 18
14 17
14 16
14 15
13 41
13 40
13 39
13 38
13 37
13 36
13 35
13 34
13 33
13 32
13 31
13 30
13 29
13 28
13 27
13 26
13 25
13 24
13 23
13 22
13 21
13 20
13 19
13 18
13 17
13 16
13 15
13 14
12 41
12 40
12 39
12 38
