23 42 42
22 23
21 23
21 22
20 23
20 22
20 21
19 23
19 22
19 21
19 20
18 23
18 22
18 21
18 20
18 19
17 23
17 22
17 21
17 20
17 19
17 18
16 23
16 22
16 21
16 20
16 19
16 18
16 17
15 23
15 22
15 21
15 20
15 19
15 18
15 17
15 16
14 23
14 22
14 21
14 20
14 19
14 18
22 23
21 23
21 22
20 23
20 22
20 21
19 23
19 22
19 21
19 20
18 23
18 22
18 21
18 20
18 19
17 23
17 22
17 21
17 20
17 19
17 18
16 23
16 22
16 21
16 20
16 19
16 18
16 17
15 23
15 22
15 21
15 20
15 19
15 18
15 17
15 16
14 23
14 22
14 21
14 20
14 19
14 18
