30 72 72
29 30
28 30
28 29
27 30
27 29
27 28
26 30
26 29
26 28
26 27
25 30
25 29
25 28
25 27
25 26
24 30
24 29
24 28
24 27
24 26
24 25
23 30
23 29
23 28
23 27
23 26
23 25
23 24
22 30
22 29
22 28
22 27
22 26
22 25
22 24
22 23
21 30
21 29
21 28
21 27
21 26
21 25
21 24
21 23
21 22
20 30
20 29
20 28
20 27
20 26
20 25
20 24
20 23
20 22
20 21
19 30
19 29
19 28
19 27
19 26
19 25
19 24
19 23
19 22
19 21
19 20
18 30
18 29
18 28
18 27
18 26
18 25
29 30
28 30
28 29
27 30
27 29
27 28
26 30
26 29
26 28
26 27
25 30
25 29
25 28
25 27
25 26
24 30
24 29
24 28
24 27
24 26
24 25
23 30
23 29
23 28
23 27
23 26
23 25
23 24
22 30
22 29
22 28
22 27
22 26
22 25
22 24
22 23
21 30
21 29
21 28
21 27
21 26
21 25
21 24
21 23
21 22
20 30
20 29
20 28
20 27
20 26
20 25
20 24
20 23
20 22
20 21
19 30
19 29
19 28
19 27
19 26
19 25
19 24
19 23
19 22
19 21
19 20
18 30
18 29
18 28
18 27
18 26
18 25
