33 88 88
32 33
31 33
31 32
30 33
30 32
30 31
29 33
29 32
29 31
29 30
28 33
28 32
28 31
28 30
28 29
27 33
27 32
27 31
27 30
27 29
27 28
26 33
26 32
26 31
26 30
26 29
26 28
26 27
25 33
25 32
25 31
25 30
25 29
25 28
25 27
25 26
24 33
24 32
24 31
24 30
24 29
24 28
24 27
24 26
24 25
23 33
23 32
23 31
23 30
23 29
23 28
23 27
23 26
23 25
23 24
22 33
22 32
22 31
22 30
22 29
22 28
22 27
22 26
22 25
22 24
22 23
21 33
21 32
21 31
21 30
21 29
21 28
21 27
21 26
21 25
21 24
21 23
21 22
20 33
20 32
20 31
20 30
20 29
20 28
20 27
20 26
20 25
20 24
32 33
31 33
31 32
30 33
30 32
30 31
29 33
29 32
29 31
29 30
28 33
28 32
28 31
28 30
28 29
27 33
27 32
27 31
27 30
27 29
27 28
26 33
26 32
26 31
26 30
26 29
26 28
26 27
25 33
25 32
25 31
25 30
25 29
25 28
25 27
25 26
24 33
24 32
24 31
24 30
24 29
24 28
24 27
24 26
24 25
23 33
23 32
23 31
23 30
23 29
23 28
23 27
23 26
23 25
23 24
22 33
22 32
22 31
22 30
22 29
22 28
22 27
22 26
22 25
22 24
22 23
21 33
21 32
21 31
21 30
21 29
21 28
21 27
21 26
21 25
21 24
21 23
21 22
20 33
20 32
20 31
20 30
20 29
20 28
20 27
20 26
20 25
20 24
