38 117 117
37 38
36 38
36 37
35 38
35 37
35 36
34 38
34 37
34 36
34 35
33 38
33 37
33 36
33 35
33 34
32 38
32 37
32 36
32 35
32 34
32 33
31 38
31 37
31 36
31 35
31 34
31 33
31 32
30 38
30 37
30 36
30 35
30 34
30 33
30 32
30 31
29 38
29 37
29 36
29 35
29 34
29 33
29 32
29 31
29 30
28 38
28 37
28 36
28 35
28 34
28 33
28 32
28 31
28 30
28 29
27 38
27 37
27 36
27 35
27 34
27 33
27 32
27 31
27 30
27 29
27 28
26 38
26 37
26 36
26 35
26 34
26 33
26 32
26 31
26 30
26 29
26 28
26 27
25 38
25 37
25 36
25 35
25 34
25 33
25 32
25 31
25 30
25 29
25 28
25 27
25 26
24 38
24 37
24 36
24 35
24 34
24 33
24 32
24 31
24 30
24 29
24 28
24 27
24 26
24 25
23 38
23 37
23 36
23 35
23 34
23 33
23 32
23 31
23 30
23 29
23 28
23 27
37 38
36 38
36 37
35 38
35 37
35 36
34 38
34 37
34 36
34 35
33 38
33 37
33 36
33 35
33 34
32 38
32 37
32 36
32 35
32 34
32 33
31 38
31 37
31 36
31 35
31 34
31 33
31 32
30 38
30 37
30 36
30 35
30 34
30 33
30 32
30 31
29 38
29 37
29 36
29 35
29 34
29 33
29 32
29 31
29 30
28 38
28 37
28 36
28 35
28 34
28 33
28 32
28 31
28 30
28 29
27 38
27 37
27 36
27 35
27 34
27 33
27 32
27 31
27 30
27 29
27 28
26 38
26 37
26 36
26 35
26 34
26 33
26 32
26 31
26 30
26 29
26 28
26 27
25 38
25 37
25 36
25 35
25 34
25 33
25 32
25 31
25 30
25 29
25 28
25 27
25 26
24 38
24 37
24 36
24 35
24 34
24 33
24 32
24 31
24 30
24 29
24 28
24 27
24 26
24 25
23 38
23 37
23 36
23 35
23 34
23 33
23 32
23 31
23 30
23 29
23 28
23 27
