49 196 196
48 49
47 49
47 48
46 49
46 48
46 47
45 49
45 48
45 47
45 46
44 49
44 48
44 47
44 46
44 45
43 49
43 48
43 47
43 46
43 45
43 44
42 49
42 48
42 47
42 46
42 45
42 44
42 43
41 49
41 48
41 47
41 46
41 45
41 44
41 43
41 42
40 49
40 48
40 47
40 46
40 45
40 44
40 43
40 42
40 41
39 49
39 48
39 47
39 46
39 45
39 44
39 43
39 42
39 41
39 40
38 49
38 48
38 47
38 46
38 45
38 44
38 43
38 42
38 41
38 40
38 39
37 49
37 48
37 47
37 46
37 45
37 44
37 43
37 42
37 41
37 40
37 39
37 38
36 49
36 48
36 47
36 46
36 45
36 44
36 43
36 42
36 41
36 40
36 39
36 38
36 37
35 49
35 48
35 47
35 46
35 45
35 44
35 43
35 42
35 41
35 40
35 39
35 38
35 37
35 36
34 49
34 48
34 47
34 46
34 45
34 44
34 43
34 42
34 41
34 40
34 39
34 38
34 37
34 36
34 35
33 49
33 48
33 47
33 46
33 45
33 44
33 43
33 42
33 41
33 40
33 39
33 38
33 37
33 36
33 35
33 34
32 49
32 48
32 47
32 46
32 45
32 44
32 43
32 42
32 41
32 40
32 39
32 38
32 37
32 36
32 35
32 34
32 33
31 49
31 48
31 47
31 46
31 45
31 44
31 43
31 42
31 41
31 40
31 39
31 38
31 37
31 36
31 35
31 34
31 33
31 32
30 49
30 48
30 47
30 46
30 45
30 44
30 43
30 42
30 41
30 40
30 39
30 38
30 37
30 36
30 35
30 34
30 33
30 32
30 31
29 49
29 48
29 47
29 46
29 45
29 44
48 49
47 49
47 48
46 49
46 48
46 47
45 49
45 48
45 47
45 46
44 49
44 48
44 47
44 46
44 45
43 49
43 48
43 47
43 46
43 45
43 44
42 49
42 48
42 47
42 46
42 45
42 44
42 43
41 49
41 48
41 47
41 46
41 45
41 44
41 43
41 42
40 49
40 48
40 47
40 46
40 45
40 44
40 43
40 42
40 41
39 49
39 48
39 47
39 46
39 45
39 44
39 43
39 42
39 41
39 40
38 49
38 48
38 47
38 46
38 45
38 44
38 43
38 42
38 41
38 40
38 39
37 49
37 48
37 47
37 46
37 45
37 44
37 43
37 42
37 41
37 40
37 39
37 38
36 49
36 48
36 47
36 46
36 45
36 44
36 43
36 42
36 41
36 40
36 39
36 38
36 37
35 49
35 48
35 47
35 46
35 45
35 44
35 43
35 42
35 41
35 40
35 39
35 38
35 37
35 36
34 49
34 48
34 47
34 46
34 45
34 44
34 43
34 42
34 41
34 40
34 39
34 38
34 37
34 36
34 35
33 49
33 48
33 47
33 46
33 45
33 44
33 43
33 42
33 41
33 40
33 39
33 38
33 37
33 36
33 35
33 34
32 49
32 48
32 47
32 46
32 45
32 44
32 43
32 42
32 41
32 40
32 39
32 38
32 37
32 36
32 35
32 34
32 33
31 49
31 48
31 47
31 46
31 45
31 44
31 43
31 42
31 41
31 40
31 39
31 38
31 37
31 36
31 35
31 34
31 33
31 32
30 49
30 48
30 47
30 46
30 45
30 44
30 43
30 42
30 41
30 40
30 39
30 38
30 37
30 36
30 35
30 34
30 33
30 32
30 31
29 49
29 48
29 47
29 46
29 45
29 44
