27 58 58
26 27
25 27
25 26
24 27
24 26
24 25
23 27
23 26
23 25
23 24
22 27
22 26
22 25
22 24
22 23
21 27
21 26
21 25
21 24
21 23
21 22
20 27
20 26
20 25
20 24
20 23
20 22
20 21
19 27
19 26
19 25
19 24
19 23
19 22
19 21
19 20
18 27
18 26
18 25
18 24
18 23
18 22
18 21
18 20
18 19
17 27
17 26
17 25
17 24
17 23
17 22
17 21
17 20
17 19
17 18
16 27
16 26
16 25
26 27
25 27
25 26
24 27
24 26
24 25
23 27
23 26
23 25
23 24
22 27
22 26
22 25
22 24
22 23
21 27
21 26
21 25
21 24
21 23
21 22
20 27
20 26
20 25
20 24
20 23
20 22
20 21
19 27
19 26
19 25
19 24
19 23
19 22
19 21
19 20
18 27
18 26
18 25
18 24
18 23
18 22
18 21
18 20
18 19
17 27
17 26
17 25
17 24
17 23
17 22
17 21
17 20
17 19
17 18
16 27
16 26
16 25
