20 95 31
19 20
18 20
18 19
17 20
17 19
17 18
16 20
16 19
16 18
16 17
15 20
15 19
15 18
15 17
15 16
14 20
14 19
14 18
14 17
14 16
14 15
13 20
13 19
13 18
13 17
13 16
13 15
13 14
12 20
12 19
12 18
12 17
12 16
12 15
12 14
12 13
11 20
11 19
11 18
11 17
11 16
11 15
11 14
11 13
11 12
10 20
10 19
10 18
10 17
10 16
10 15
10 14
10 13
10 12
10 11
9 20
9 19
9 18
9 17
9 16
9 15
9 14
9 13
9 12
9 11
9 10
8 20
8 19
8 18
8 17
8 16
8 15
8 14
8 13
8 12
8 11
8 10
8 9
7 20
7 19
7 18
7 17
7 16
7 15
7 14
7 13
7 12
7 11
7 10
7 9
7 8
6 20
6 19
6 18
6 17
19 20
18 20
18 19
17 20
17 19
17 18
16 20
16 19
16 18
16 17
15 20
15 19
15 18
15 17
15 16
14 20
14 19
14 18
14 17
14 16
14 15
13 20
13 19
13 18
13 17
13 16
13 15
13 14
12 20
12 19
12 18
