49 588 588
48 49
47 49
47 48
46 49
46 48
46 47
45 49
45 48
45 47
45 46
44 49
44 48
44 47
44 46
44 45
43 49
43 48
43 47
43 46
43 45
43 44
42 49
42 48
42 47
42 46
42 45
42 44
42 43
41 49
41 48
41 47
41 46
41 45
41 44
41 43
41 42
40 49
40 48
40 47
40 46
40 45
40 44
40 43
40 42
40 41
39 49
39 48
39 47
39 46
39 45
39 44
39 43
39 42
39 41
39 40
38 49
38 48
38 47
38 46
38 45
38 44
38 43
38 42
38 41
38 40
38 39
37 49
37 48
37 47
37 46
37 45
37 44
37 43
37 42
37 41
37 40
37 39
37 38
36 49
36 48
36 47
36 46
36 45
36 44
36 43
36 42
36 41
36 40
36 39
36 38
36 37
35 49
35 48
35 47
35 46
35 45
35 44
35 43
35 42
35 41
35 40
35 39
35 38
35 37
35 36
34 49
34 48
34 47
34 46
34 45
34 44
34 43
34 42
34 41
34 40
34 39
34 38
34 37
34 36
34 35
33 49
33 48
33 47
33 46
33 45
33 44
33 43
33 42
33 41
33 40
33 39
33 38
33 37
33 36
33 35
33 34
32 49
32 48
32 47
32 46
32 45
32 44
32 43
32 42
32 41
32 40
32 39
32 38
32 37
32 36
32 35
32 34
32 33
31 49
31 48
31 47
31 46
31 45
31 44
31 43
31 42
31 41
31 40
31 39
31 38
31 37
31 36
31 35
31 34
31 33
31 32
30 49
30 48
30 47
30 46
30 45
30 44
30 43
30 42
30 41
30 40
30 39
30 38
30 37
30 36
30 35
30 34
30 33
30 32
30 31
29 49
29 48
29 47
29 46
29 45
29 44
29 43
29 42
29 41
29 40
29 39
29 38
29 37
29 36
29 35
29 34
29 33
29 32
29 31
29 30
28 49
28 48
28 47
28 46
28 45
28 44
28 43
28 42
28 41
28 40
28 39
28 38
28 37
28 36
28 35
28 34
28 33
28 32
28 31
28 30
28 29
27 49
27 48
27 47
27 46
27 45
27 44
27 43
27 42
27 41
27 40
27 39
27 38
27 37
27 36
27 35
27 34
27 33
27 32
27 31
27 30
27 29
27 28
26 49
26 48
26 47
26 46
26 45
26 44
26 43
26 42
26 41
26 40
26 39
26 38
26 37
26 36
26 35
26 34
26 33
26 32
26 31
26 30
26 29
26 28
26 27
25 49
25 48
25 47
25 46
25 45
25 44
25 43
25 42
25 41
25 40
25 39
25 38
25 37
25 36
25 35
25 34
25 33
25 32
25 31
25 30
25 29
25 28
25 27
25 26
24 49
24 48
24 47
24 46
24 45
24 44
24 43
24 42
24 41
24 40
24 39
24 38
24 37
24 36
24 35
24 34
24 33
24 32
24 31
24 30
24 29
24 28
24 27
24 26
24 25
23 49
23 48
23 47
23 46
23 45
23 44
23 43
23 42
23 41
23 40
23 39
23 38
23 37
23 36
23 35
23 34
23 33
23 32
23 31
23 30
23 29
23 28
23 27
23 26
23 25
23 24
22 49
22 48
22 47
22 46
22 45
22 44
22 43
22 42
22 41
22 40
22 39
22 38
22 37
22 36
22 35
22 34
22 33
22 32
22 31
22 30
22 29
22 28
22 27
22 26
22 25
22 24
22 23
21 49
21 48
21 47
21 46
21 45
21 44
21 43
21 42
21 41
21 40
21 39
21 38
21 37
21 36
21 35
21 34
21 33
21 32
21 31
21 30
21 29
21 28
21 27
21 26
21 25
21 24
21 23
21 22
20 49
20 48
20 47
20 46
20 45
20 44
20 43
20 42
20 41
20 40
20 39
20 38
20 37
20 36
20 35
20 34
20 33
20 32
20 31
20 30
20 29
20 28
20 27
20 26
20 25
20 24
20 23
20 22
20 21
19 49
19 48
19 47
19 46
19 45
19 44
19 43
19 42
19 41
19 40
19 39
19 38
19 37
19 36
19 35
19 34
19 33
19 32
19 31
19 30
19 29
19 28
19 27
19 26
19 25
19 24
19 23
19 22
19 21
19 20
18 49
18 48
18 47
18 46
18 45
18 44
18 43
18 42
18 41
18 40
18 39
18 38
18 37
18 36
18 35
18 34
18 33
18 32
18 31
18 30
18 29
18 28
18 27
18 26
18 25
18 24
18 23
18 22
18 21
18 20
18 19
17 49
17 48
17 47
17 46
17 45
17 44
17 43
17 42
17 41
17 40
17 39
17 38
17 37
17 36
17 35
17 34
17 33
17 32
17 31
17 30
17 29
17 28
17 27
17 26
17 25
17 24
17 23
17 22
17 21
17 20
17 19
17 18
16 49
16 48
16 47
16 46
16 45
16 44
16 43
16 42
16 41
16 40
16 39
16 38
16 37
16 36
16 35
16 34
16 33
16 32
16 31
16 30
16 29
16 28
16 27
16 26
16 25
16 24
16 23
16 22
16 21
16 20
16 19
16 18
16 17
15 49
15 48
15 47
15 46
15 45
15 44
15 43
15 42
15 41
15 40
15 39
15 38
15 37
15 36
15 35
15 34
15 33
15 32
15 31
15 30
15 29
15 28
15 27
15 26
15 25
15 24
15 23
48 49
47 49
47 48
46 49
46 48
46 47
45 49
45 48
45 47
45 46
44 49
44 48
44 47
44 46
44 45
43 49
43 48
43 47
43 46
43 45
43 44
42 49
42 48
42 47
42 46
42 45
42 44
42 43
41 49
41 48
41 47
41 46
41 45
41 44
41 43
41 42
40 49
40 48
40 47
40 46
40 45
40 44
40 43
40 42
40 41
39 49
39 48
39 47
39 46
39 45
39 44
39 43
39 42
39 41
39 40
38 49
38 48
38 47
38 46
38 45
38 44
38 43
38 42
38 41
38 40
38 39
37 49
37 48
37 47
37 46
37 45
37 44
37 43
37 42
37 41
37 40
37 39
37 38
36 49
36 48
36 47
36 46
36 45
36 44
36 43
36 42
36 41
36 40
36 39
36 38
36 37
35 49
35 48
35 47
35 46
35 45
35 44
35 43
35 42
35 41
35 40
35 39
35 38
35 37
35 36
34 49
34 48
34 47
34 46
34 45
34 44
34 43
34 42
34 41
34 40
34 39
34 38
34 37
34 36
34 35
33 49
33 48
33 47
33 46
33 45
33 44
33 43
33 42
33 41
33 40
33 39
33 38
33 37
33 36
33 35
33 34
32 49
32 48
32 47
32 46
32 45
32 44
32 43
32 42
32 41
32 40
32 39
32 38
32 37
32 36
32 35
32 34
32 33
31 49
31 48
31 47
31 46
31 45
31 44
31 43
31 42
31 41
31 40
31 39
31 38
31 37
31 36
31 35
31 34
31 33
31 32
30 49
30 48
30 47
30 46
30 45
30 44
30 43
30 42
30 41
30 40
30 39
30 38
30 37
30 36
30 35
30 34
30 33
30 32
30 31
29 49
29 48
29 47
29 46
29 45
29 44
29 43
29 42
29 41
29 40
29 39
29 38
29 37
29 36
29 35
29 34
29 33
29 32
29 31
29 30
28 49
28 48
28 47
28 46
28 45
28 44
28 43
28 42
28 41
28 40
28 39
28 38
28 37
28 36
28 35
28 34
28 33
28 32
28 31
28 30
28 29
27 49
27 48
27 47
27 46
27 45
27 44
27 43
27 42
27 41
27 40
27 39
27 38
27 37
27 36
27 35
27 34
27 33
27 32
27 31
27 30
27 29
27 28
26 49
26 48
26 47
26 46
26 45
26 44
26 43
26 42
26 41
26 40
26 39
26 38
26 37
26 36
26 35
26 34
26 33
26 32
26 31
26 30
26 29
26 28
26 27
25 49
25 48
25 47
25 46
25 45
25 44
25 43
25 42
25 41
25 40
25 39
25 38
25 37
25 36
25 35
25 34
25 33
25 32
25 31
25 30
25 29
25 28
25 27
25 26
24 49
24 48
24 47
24 46
24 45
24 44
24 43
24 42
24 41
24 40
24 39
24 38
24 37
24 36
24 35
24 34
24 33
24 32
24 31
24 30
24 29
24 28
24 27
24 26
24 25
23 49
23 48
23 47
23 46
23 45
23 44
23 43
23 42
23 41
23 40
23 39
23 38
23 37
23 36
23 35
23 34
23 33
23 32
23 31
23 30
23 29
23 28
23 27
23 26
23 25
23 24
22 49
22 48
22 47
22 46
22 45
22 44
22 43
22 42
22 41
22 40
22 39
22 38
22 37
22 36
22 35
22 34
22 33
22 32
22 31
22 30
22 29
22 28
22 27
22 26
22 25
22 24
22 23
21 49
21 48
21 47
21 46
21 45
21 44
21 43
21 42
21 41
21 40
21 39
21 38
21 37
21 36
21 35
21 34
21 33
21 32
21 31
21 30
21 29
21 28
21 27
21 26
21 25
21 24
21 23
21 22
20 49
20 48
20 47
20 46
20 45
20 44
20 43
20 42
20 41
20 40
20 39
20 38
20 37
20 36
20 35
20 34
20 33
20 32
20 31
20 30
20 29
20 28
20 27
20 26
20 25
20 24
20 23
20 22
20 21
19 49
19 48
19 47
19 46
19 45
19 44
19 43
19 42
19 41
19 40
19 39
19 38
19 37
19 36
19 35
19 34
19 33
19 32
19 31
19 30
19 29
19 28
19 27
19 26
19 25
19 24
19 23
19 22
19 21
19 20
18 49
18 48
18 47
18 46
18 45
18 44
18 43
18 42
18 41
18 40
18 39
18 38
18 37
18 36
18 35
18 34
18 33
18 32
18 31
18 30
18 29
18 28
18 27
18 26
18 25
18 24
18 23
18 22
18 21
18 20
18 19
17 49
17 48
17 47
17 46
17 45
17 44
17 43
17 42
17 41
17 40
17 39
17 38
17 37
17 36
17 35
17 34
17 33
17 32
17 31
17 30
17 29
17 28
17 27
17 26
17 25
17 24
17 23
17 22
17 21
17 20
17 19
17 18
16 49
16 48
16 47
16 46
16 45
16 44
16 43
16 42
16 41
16 40
16 39
16 38
16 37
16 36
16 35
16 34
16 33
16 32
16 31
16 30
16 29
16 28
16 27
16 26
16 25
16 24
16 23
16 22
16 21
16 20
16 19
16 18
16 17
15 49
15 48
15 47
15 46
15 45
15 44
15 43
15 42
15 41
15 40
15 39
15 38
15 37
15 36
15 35
15 34
15 33
15 32
15 31
15 30
15 29
15 28
15 27
15 26
15 25
15 24
15 23
