26 162 54
25 26
24 26
24 25
23 26
23 25
23 24
22 26
22 25
22 24
22 23
21 26
21 25
21 24
21 23
21 22
20 26
20 25
20 24
20 23
20 22
20 21
19 26
19 25
19 24
19 23
19 22
19 21
19 20
18 26
18 25
18 24
18 23
18 22
18 21
18 20
18 19
17 26
17 25
17 24
17 23
17 22
17 21
17 20
17 19
17 18
16 26
16 25
16 24
16 23
16 22
16 21
16 20
16 19
16 18
16 17
15 26
15 25
15 24
15 23
15 22
15 21
15 20
15 19
15 18
15 17
15 16
14 26
14 25
14 24
14 23
14 22
14 21
14 20
14 19
14 18
14 17
14 16
14 15
13 26
13 25
13 24
13 23
13 22
13 21
13 20
13 19
13 18
13 17
13 16
13 15
13 14
12 26
12 25
12 24
12 23
12 22
12 21
12 20
12 19
12 18
12 17
12 16
12 15
12 14
12 13
11 26
11 25
11 24
11 23
11 22
11 21
11 20
11 19
11 18
11 17
11 16
11 15
11 14
11 13
11 12
10 26
10 25
10 24
10 23
10 22
10 21
10 20
10 19
10 18
10 17
10 16
10 15
10 14
10 13
10 12
10 11
9 26
9 25
9 24
9 23
9 22
9 21
9 20
9 19
9 18
9 17
9 16
9 15
9 14
9 13
9 12
9 11
9 10
8 26
8 25
8 24
8 23
8 22
8 21
8 20
8 19
8 18
25 26
24 26
24 25
23 26
23 25
23 24
22 26
22 25
22 24
22 23
21 26
21 25
21 24
21 23
21 22
20 26
20 25
20 24
20 23
20 22
20 21
19 26
19 25
19 24
19 23
19 22
19 21
19 20
18 26
18 25
18 24
18 23
18 22
18 21
18 20
18 19
17 26
17 25
17 24
17 23
17 22
17 21
17 20
17 19
17 18
16 26
16 25
16 24
16 23
16 22
16 21
16 20
16 19
16 18
