32 248 82
31 32
30 32
30 31
29 32
29 31
29 30
28 32
28 31
28 30
28 29
27 32
27 31
27 30
27 29
27 28
26 32
26 31
26 30
26 29
26 28
26 27
25 32
25 31
25 30
25 29
25 28
25 27
25 26
24 32
24 31
24 30
24 29
24 28
24 27
24 26
24 25
23 32
23 31
23 30
23 29
23 28
23 27
23 26
23 25
23 24
22 32
22 31
22 30
22 29
22 28
22 27
22 26
22 25
22 24
22 23
21 32
21 31
21 30
21 29
21 28
21 27
21 26
21 25
21 24
21 23
21 22
20 32
20 31
20 30
20 29
20 28
20 27
20 26
20 25
20 24
20 23
20 22
20 21
19 32
19 31
19 30
19 29
19 28
19 27
19 26
19 25
19 24
19 23
19 22
19 21
19 20
18 32
18 31
18 30
18 29
18 28
18 27
18 26
18 25
18 24
18 23
18 22
18 21
18 20
18 19
17 32
17 31
17 30
17 29
17 28
17 27
17 26
17 25
17 24
17 23
17 22
17 21
17 20
17 19
17 18
16 32
16 31
16 30
16 29
16 28
16 27
16 26
16 25
16 24
16 23
16 22
16 21
16 20
16 19
16 18
16 17
15 32
15 31
15 30
15 29
15 28
15 27
15 26
15 25
15 24
15 23
15 22
15 21
15 20
15 19
15 18
15 17
15 16
14 32
14 31
14 30
14 29
14 28
14 27
14 26
14 25
14 24
14 23
14 22
14 21
14 20
14 19
14 18
14 17
14 16
14 15
13 32
13 31
13 30
13 29
13 28
13 27
13 26
13 25
13 24
13 23
13 22
13 21
13 20
13 19
13 18
13 17
13 16
13 15
13 14
12 32
12 31
12 30
12 29
12 28
12 27
12 26
12 25
12 24
12 23
12 22
12 21
12 20
12 19
12 18
12 17
12 16
12 15
12 14
12 13
11 32
11 31
11 30
11 29
11 28
11 27
11 26
11 25
11 24
11 23
11 22
11 21
11 20
11 19
11 18
11 17
11 16
11 15
11 14
11 13
11 12
10 32
10 31
10 30
10 29
10 28
10 27
10 26
10 25
10 24
10 23
10 22
10 21
10 20
10 19
10 18
10 17
10 16
31 32
30 32
30 31
29 32
29 31
29 30
28 32
28 31
28 30
28 29
27 32
27 31
27 30
27 29
27 28
26 32
26 31
26 30
26 29
26 28
26 27
25 32
25 31
25 30
25 29
25 28
25 27
25 26
24 32
24 31
24 30
24 29
24 28
24 27
24 26
24 25
23 32
23 31
23 30
23 29
23 28
23 27
23 26
23 25
23 24
22 32
22 31
22 30
22 29
22 28
22 27
22 26
22 25
22 24
22 23
21 32
21 31
21 30
21 29
21 28
21 27
21 26
21 25
21 24
21 23
21 22
20 32
20 31
20 30
20 29
20 28
20 27
20 26
20 25
20 24
20 23
20 22
20 21
19 32
19 31
19 30
19 29
