20 57 51
3 10
3 6
16 20
14 19
14 18
14 17
14 16
13 19
13 17
13 16
4 20
4 19
3 20
3 18
1 20
6 17
6 20
9 14
9 18
10 15
10 17
11 13
11 14
11 15
12 13
12 14
12 16
12 17
12 19
1 2
1 15
3 14
4 12
4 7
4 15
2 15
4 11
1 13
1 18
10 13
9 10
4 17
2 7
10 11
7 11
8 12
1 9
1 14
11 12
2 3
7 12
6 8
5 16
4 16
1 16
2 16
7 14
4 9
1 17
6 7
17 18
15 17
3 19
2 19
2 20
5 19
5 20
6 16
7 16
7 20
8 15
8 18
8 20
9 16
11 17
11 18
11 20
12 15
12 20
13 18
15 16
4 6
2 17
1 8
4 8
3 17
1 7
1 4
2 11
6 11
7 10
3 13
8 11
5 12
7 9
7 15
5 7
2 6
2 12
5 15
5 11
5 14
1 12
4 13
8 13
10 12
1 5
3 16