24 79 72
2 10
3 9
1 17
21 23
20 24
20 22
18 21
17 23
17 18
15 21
15 19
15 16
14 23
14 21
14 19
14 16
14 15
13 21
12 20
12 19
12 17
12 16
11 24
11 20
11 13
10 23
10 19
10 15
9 22
9 21
9 19
9 14
4 22
4 21
4 20
4 18
3 18
2 24
1 22
2 19
2 20
4 24
5 18
5 19
5 20
5 24
6 17
6 19
6 22
7 18
7 23
8 16
8 18
8 21
4 8
3 17
1 13
4 14
10 13
1 3
5 8
7 9
6 14
2 9
5 7
3 8
3 11
5 11
9 13
2 18
1 9
1 6
1 12
9 11
6 8
8 9
1 5
5 16
7 14
3 10
4 10
3 12
21 24
21 22
20 21
19 22
18 22
18 20
17 24
17 20
16 21
16 20
15 17
14 22
14 18
14 17
13 23
13 17
13 15
13 14
12 24
12 23
12 22
12 14
11 22
5 9
4 19
3 23
3 20
3 19
1 19
1 21
2 23
5 17
5 23
6 16
6 21
7 20
7 21
8 15
8 20
8 22
9 15
9 17
10 16
10 17
10 18
10 21
10 22
11 16
4 6
1 2
1 8
6 10
6 13
5 6
4 7
1 7
3 4
4 11
5 12
2 6
5 15
3 15
10 11
8 10
5 14
8 13
7 12
2 5
3 16