22 77 58
1 10
3 10
4 10
4 9
3 6
5 10
20 22
20 21
19 20
18 19
17 21
17 19
17 18
16 22
16 21
16 20
16 17
15 21
15 20
15 17
14 22
14 21
14 19
14 17
13 19
13 18
13 16
13 15
12 20
12 14
12 13
11 22
10 16
10 15
5 9
4 21
4 19
4 18
3 20
3 19
1 22
2 20
2 21
2 22
5 20
5 22
6 16
6 17
6 20
6 21
7 19
7 20
7 22
8 20
9 16
9 20
4 12
6 9
4 7
1 13
7 10
1 18
7 13
5 12
5 7
2 6
2 13
8 10
8 12
5 14
1 6
4 13
7 12
6 12
8 9
1 5
5 16
2 10
6 7
3 12
19 22
18 20
16 19
16 18
14 20
14 15
13 20
13 17
12 15
5 21
5 18
4 22
4 20
3 22
3 21
1 21
2 19
6 18
6 19
7 17
7 18
7 21
8 15
8 22
9 15
9 17
10 14
10 19
10 22
11 15
11 17
3 7
1 8
1 11
3 14
6 10
3 4
2 11
6 11
10 13
8 11
5 8
9 12
7 9
6 14
2 14
5 11
10 11
2 18
1 14
2 3
9 11
1 16
2 16
8 14