26 98 103
4 10
4 9
5 10
5 9
4 6
4 7
2 11
1 18
1 3
7 15
5 7
3 8
5 15
3 15
3 11
5 11
1 9
10 12
8 9
7 14
3 6
25 26
8 21
7 26
7 24
7 21
7 20
7 16
6 26
6 25
6 22
5 25
5 24
5 21
5 17
4 26
4 25
2 26
2 20
1 24
1 23
3 20
3 24
4 20
8 23
8 25
8 26
9 19
9 21
10 14
10 18
10 19
10 22
10 25
10 26
11 13
11 18
11 22
11 25
12 14
12 16
12 19
12 20
12 24
13 15
13 16
13 19
13 20
13 21
14 16
14 19
14 20
14 24
15 16
15 17
15 22
15 24
16 19
16 25
18 23
18 25
19 21
19 23
20 23
21 26
22 23
22 25
24 25
24 26
3 7
6 11
10 13
2 6
2 14
10 11
3 5
1 5
2 16
1 17
6 9
2 8
2 15
5 12
7 9
2 7
2 4
2 13
8 10
5 14
2 18
4 13
8 13
6 8
3 9
6 7
22 24
21 24
21 23
20 24
19 26
19 25
7 25
7 18
7 17
6 24
6 21
6 19
6 16
5 26
5 23
5 20
4 24
4 21
4 19
1 26
1 25
1 21
1 19
2 19
2 22
3 19
3 23
3 26
8 16
8 22
9 14
9 15
9 17
9 20
9 22
9 24
9 25
10 15
10 17
10 21
10 23
10 24
11 14
11 15
11 21
11 23
11 24
11 26
12 17
12 23
12 25
12 26
13 14
13 18
13 23
14 17
14 21
14 22
14 26
15 18
15 19
15 21
15 23
16 18
16 21
16 23
17 21
17 23
17 25
17 26
18 21
19 20
4 8
4 11
1 13
3 13
8 11
9 12
2 12
4 5
1 6
1 12
1 14
11 12
7 12
5 16