28 106 117
1 17
5 10
5 9
4 6
1 8
4 12
1 7
2 11
5 8
7 15
3 8
3 15
7 11
8 10
1 9
4 13
8 13
7 14
3 6
27 28
24 25
23 25
22 28
22 25
21 27
21 22
20 25
20 22
6 28
6 23
5 28
5 26
5 23
5 17
4 21
4 20
4 18
3 28
2 21
1 24
2 26
2 28
3 19
3 21
3 22
7 19
8 17
8 21
8 28
9 17
9 20
9 25
10 19
10 21
10 23
10 26
10 28
11 13
11 17
11 19
11 20
11 21
11 25
12 15
13 18
13 21
13 28
14 18
14 20
14 24
14 25
14 26
14 27
15 16
15 19
15 26
15 27
15 28
16 21
16 22
17 20
17 28
18 19
18 25
18 26
18 28
19 25
3 7
1 15
3 14
6 13
6 15
3 4
1 13
6 11
9 12
6 14
2 9
2 12
5 13
10 11
1 14
11 12
2 5
5 16
3 16
1 10
2 10
3 10
4 10
4 9
2 17
1 2
5 6
2 8
2 15
7 10
4 14
1 3
7 9
5 7
2 7
2 4
5 11
9 11
6 8
10 12
8 9
3 9
26 27
25 27
25 26
24 27
23 27
22 27
21 28
21 26
21 24
21 23
20 28
20 27
19 27
19 26
19 24
17 26
17 25
17 24
17 22
17 19
7 28
7 26
7 23
7 20
7 16
6 24
6 18
6 16
5 21
5 20
4 26
4 25
4 24
4 23
1 28
1 25
1 22
1 20
2 19
2 20
2 22
3 26
3 27
8 16
8 23
8 25
8 26
9 16
9 19
9 21
9 23
9 24
9 26
9 27
10 14
10 18
10 22
10 24
11 16
11 22
11 28
12 13
12 16
12 18
12 20
12 21
12 22
12 23
12 27
12 28
13 16
13 19
13 20
13 22
13 23
14 15
14 19
15 17
15 18
15 25
16 17
16 19
16 20
16 23
16 24
16 25
4 8
4 15
4 11
10 13
2 14
9 13
1 5
2 16