30 137 128
5 10
5 9
1 11
4 7
3 17
2 11
4 14
1 18
5 12
2 4
2 18
2 3
9 11
3 6
28 30
27 30
26 29
26 28
26 27
24 30
24 26
23 25
22 28
22 27
22 25
21 30
21 26
21 25
21 23
20 30
20 29
20 26
20 24
20 23
19 30
19 29
18 28
18 27
18 23
18 22
18 21
18 20
18 19
17 29
17 23
17 20
16 28
16 27
16 23
16 21
16 19
16 18
15 28
15 23
6 25
6 21
5 26
5 25
5 24
5 21
4 29
4 28
4 27
4 26
4 23
4 22
4 21
4 19
4 18
2 19
1 30
1 28
2 21
2 30
3 19
3 20
3 24
3 27
3 30
6 30
7 16
7 24
7 25
8 15
8 18
8 19
8 25
8 26
8 30
9 14
9 16
9 20
9 22
9 23
9 24
9 25
9 27
9 28
9 30
10 16
10 19
10 21
10 28
10 29
11 13
11 18
11 24
11 25
11 26
11 30
12 14
12 22
13 14
13 19
13 21
13 26
13 27
13 28
14 15
14 24
14 25
1 15
3 14
4 8
4 11
6 11
3 13
8 11
6 14
2 6
9 13
1 6
7 8
3 5
7 12
2 16
8 14
3 10
4 10
4 9
1 17
1 2
6 10
4 12
2 8
7 10
7 15
5 7
2 7
3 8
3 15
2 13
8 10
5 14
8 13
6 12
8 9
7 14
3 9
3 12
29 30
28 29
27 29
25 30
25 29
24 29
24 28
24 25
23 30
23 27
22 30
22 29
22 26
22 24
22 23
21 27
21 24
21 22
20 28
19 24
18 30
18 26
18 25
17 30
17 28
17 26
17 21
17 19
16 30
16 22
16 20
7 20
6 29
6 27
6 23
6 19
6 18
6 17
5 28
5 27
5 23
5 19
4 30
4 24
2 26
1 23
1 22
3 18
3 21
3 22
3 29
7 22
7 23
7 27
7 29
7 30
8 16
8 21
8 28
9 18
9 29
10 15
10 23
10 30
11 14
11 23
11 28
12 13
12 16
12 17
12 18
12 19
12 21
12 25
12 27
12 29
13 16
13 23
13 25
14 17
14 20
14 27
14 28
14 30
15 16
15 17
15 18
15 19
15 20
15 21
15 22
15 24
15 25
15 26
6 13
9 10
2 9
2 14
5 13
4 5
8 12
1 12
2 5
1 16
3 16